0 1.12742
0.0625 1.12726

0.0625 1.12727
0.125 1.12676

0.25 1.12467
0.232467 1.125

0.125 1.12676
0.1875 1.12587

0.1875 1.12582
0.231594 1.125

0.25 1.12464
0.3125 1.12334

0.3125 1.12334
0.375 1.12195

0.375 1.12194
0.4375 1.12045

0.4375 1.12045
0.5 1.1189

0.5 1.11889
0.5625 1.1173

0.5625 1.1173
0.625 1.11568

0.625 1.11567
0.6875 1.11405

0.6875 1.11405
0.75 1.11244

0.75 1.11244
0.8125 1.11086

0.8125 1.11086
0.875 1.10931

0.875 1.10931
0.9375 1.10781

0.9375 1.10781
1 1.10635

1 1.10634
1.0625 1.10493

1.0625 1.10493
1.125 1.10357

1.125 1.10357
1.1875 1.10225

1.1875 1.10225
1.25 1.10098

1.25 1.10098
1.3125 1.09975

1.3125 1.09975
1.375 1.09856

1.375 1.09856
1.4375 1.0974

1.4375 1.0974
1.5 1.09627

1.5 1.09627
1.5625 1.09518

1.5625 1.09518
1.625 1.0941

1.625 1.0941
1.6875 1.09305

1.6875 1.09305
1.75 1.09201

1.75 1.09201
1.8125 1.09099

1.8125 1.09099
1.875 1.08999

1.875 1.08999
1.9375 1.08899

1.9375 1.08899
2 1.088

2 1.088
2.0625 1.08702

2.0625 1.08702
2.125 1.08605

2.125 1.08605
2.1875 1.08508

2.1875 1.08508
2.25 1.08412

2.25 1.08412
2.3125 1.08317

2.3125 1.08317
2.375 1.08222

2.375 1.08222
2.4375 1.08127

2.4375 1.08127
2.5 1.08033

2.5 1.08033
2.5625 1.07939

2.5625 1.07939
2.625 1.07845

2.625 1.07845
2.6875 1.07752

2.6875 1.07752
2.75 1.0766

2.75 1.0766
2.8125 1.07567

2.8125 1.07567
2.875 1.07475

2.875 1.07475
2.9375 1.07383

2.9375 1.07383
3 1.07292

3 1.07292
3.0625 1.07201

3.0625 1.07201
3.125 1.0711

3.125 1.0711
3.1875 1.0702

3.1875 1.0702
3.25 1.0693

3.25 1.0693
3.3125 1.06841

3.3125 1.06841
3.375 1.06752

3.375 1.06752
3.4375 1.06664

3.4375 1.06664
3.5 1.06577

3.5 1.06578
3.5625 1.06491

3.5625 1.06492
3.625 1.06405

3.625 1.06404
3.6875 1.06317

3.75 1.06232
3.7365 1.0625

3.6875 1.06315
3.73616 1.0625

3.75 1.06233
3.8125 1.06154

3.8125 1.06154
3.875 1.06075

3.875 1.06075
3.9375 1.05995

3.9375 1.05995
4 1.05916

4 1.05916
4.0625 1.05838

4.0625 1.05838
4.125 1.0576

4.125 1.0576
4.1875 1.05683

4.1875 1.05683
4.25 1.05606

4.25 1.05606
4.3125 1.0553

4.3125 1.0553
4.375 1.05454

4.375 1.05454
4.4375 1.05378

4.4375 1.05378
4.5 1.05303

4.5 1.05303
4.5625 1.05228

4.5625 1.05228
4.625 1.05154

4.625 1.05154
4.6875 1.05081

4.6875 1.05081
4.75 1.05008

4.75 1.05008
4.8125 1.04936

4.8125 1.04936
4.875 1.04865

4.875 1.04865
4.9375 1.04794

4.9375 1.04794
5 1.04724

5 1.04725
5.0625 1.04655

5.0625 1.04655
5.125 1.04586

5.125 1.04586
5.1875 1.04519

5.1875 1.04518
5.25 1.04453

5.25 1.04455
5.3125 1.0439

5.3125 1.0439
5.375 1.04323

5.375 1.04322
5.4375 1.04256

5.4375 1.04256
5.5 1.04194

5.5 1.04195
5.5625 1.04133

5.5625 1.04132
5.625 1.04068

5.625 1.04067
5.6875 1.04005

5.6875 1.04005
5.75 1.03945

5.75 1.03946
5.8125 1.03887

5.8125 1.03886
5.875 1.03826

5.875 1.03826
5.9375 1.03767

5.9375 1.03767
6 1.03709

6 1.0371
6.0625 1.03652

6.0625 1.03652
6.125 1.03595

6.125 1.03595
6.1875 1.03539

6.1875 1.03539
6.25 1.03484

6.25 1.03484
6.3125 1.03429

6.3125 1.03429
6.375 1.03375

6.375 1.03375
6.4375 1.03321

6.4375 1.03321
6.5 1.03269

6.5 1.03269
6.5625 1.03217

6.5625 1.03217
6.625 1.03165

6.625 1.03165
6.6875 1.03114

6.6875 1.03114
6.75 1.03064

6.75 1.03064
6.8125 1.03015

6.8125 1.03015
6.875 1.02966

6.875 1.02966
6.9375 1.02918

6.9375 1.02918
7 1.02871

7 1.02871
7.0625 1.02824

7.0625 1.02824
7.125 1.02777

7.125 1.02777
7.1875 1.02732

7.1875 1.02732
7.25 1.02687

7.25 1.02687
7.3125 1.02642

7.3125 1.02642
7.375 1.02599

7.375 1.02599
7.4375 1.02555

7.4375 1.02555
7.5 1.02513

7.5 1.02513
7.5625 1.02471

7.5625 1.02471
7.625 1.02429

7.625 1.02429
7.6875 1.02388

7.6875 1.02388
7.75 1.02348

7.75 1.02348
7.8125 1.02308

7.8125 1.02308
7.875 1.02269

7.875 1.02269
7.9375 1.02231

7.9375 1.02231
8 1.02192

8 1.02192
8.0625 1.02155

8.0625 1.02155
8.125 1.02118

8.125 1.02118
8.1875 1.02081

8.1875 1.02081
8.25 1.02045

8.25 1.02045
8.3125 1.0201

8.3125 1.0201
8.375 1.01975

8.375 1.01975
8.4375 1.01941

8.4375 1.01941
8.5 1.01907

8.5 1.01907
8.5625 1.01873

8.5625 1.01873
8.625 1.01841

8.625 1.01841
8.6875 1.01808

8.6875 1.01808
8.75 1.01776

8.75 1.01776
8.8125 1.01745

8.8125 1.01745
8.875 1.01714

8.875 1.01714
8.9375 1.01683

8.9375 1.01683
9 1.01653

9 1.01653
9.0625 1.01624

9.0625 1.01624
9.125 1.01595

9.125 1.01595
9.1875 1.01566

9.1875 1.01566
9.25 1.01538

9.25 1.01538
9.3125 1.0151

9.3125 1.0151
9.375 1.01483

9.375 1.01483
9.4375 1.01456

9.4375 1.01456
9.5 1.01429

9.5 1.01429
9.5625 1.01403

9.5625 1.01403
9.625 1.01377

9.625 1.01377
9.6875 1.01352

9.6875 1.01352
9.75 1.01327

9.75 1.01327
9.8125 1.01303

9.8125 1.01303
9.875 1.01279

9.875 1.01279
9.9375 1.01255

9.9375 1.01255
10 1.01232

10 1.01232
10.0625 1.01209

10.0625 1.01209
10.125 1.01186

10.125 1.01186
10.1875 1.01164

10.1875 1.01164
10.25 1.01142

10.25 1.01142
10.3125 1.01121

10.3125 1.01121
10.375 1.01099

10.375 1.01099
10.4375 1.01079

10.4375 1.01079
10.5 1.01058

10.5 1.01058
10.5625 1.01038

10.5625 1.01038
10.625 1.01018

10.625 1.01018
10.6875 1.00999

10.6875 1.00999
10.75 1.0098

10.75 1.0098
10.8125 1.00961

10.8125 1.00961
10.875 1.00943

10.875 1.00942
10.9375 1.00924

10.9375 1.00924
11 1.00907

11 1.00907
11.0625 1.00889

11.0625 1.00889
11.125 1.00872

11.125 1.00872
11.1875 1.00855

11.1875 1.00855
11.25 1.00838

11.25 1.00839
11.3125 1.00822

11.3125 1.00822
11.375 1.00806

11.375 1.00805
11.4375 1.0079

11.4375 1.0079
11.5 1.00775

11.5 1.00775
11.5625 1.0076

11.5625 1.0076
11.625 1.00744

11.625 1.00744
11.6875 1.00729

11.6875 1.00729
11.75 1.00715

11.75 1.00716
11.8125 1.00702

11.8125 1.00702
11.875 1.00687

11.875 1.00686
11.9375 1.00672

11.9375 1.00672
12 1.0066

12 1.00661
12.0625 1.00649

12.0625 1.00649
12.125 1.00634

12.125 1.00633
12.1875 1.00618

12.1875 1.00618
12.25 1.00608

12.25 1.00609
12.3125 1.00599

12.3125 1.006
12.375 1.00585

12.375 1.00582
12.4375 1.00567

12.4375 1.00565
12.5 1.00556

12.5 1.00559
12.5625 1.00553

12.5625 1.00555
12.625 1.00543

12.625 1.0054
12.6875 1.00525

12.6875 1.00523
12.75 1.00514

12.75 1.00517
12.8125 1.0051

12.8125 1.00512
12.875 1.00498

12.875 1.00494
12.9375 1.00477

12.9375 1.00475
13 1.00468

13 1.00472
13.0625 1.00472

13.0625 1.00476
13.125 1.00465

13.125 1.00461
13.1875 1.0044

13.1875 1.00434
13.25 1.00423

13.25 1.00425
13.3125 1.00429

13.3125 1.00436
13.375 1.00435

13.375 1.00435
13.4375 1.00416

13.4375 1.00409
13.5 1.00386

13.5 1.00382
13.5625 1.00378

13.5625 1.00384
13.625 1.00393

13.625 1.004
13.6875 1.00397

13.6875 1.00395
13.75 1.00371

13.75 1.00363
13.8125 1.00339

13.8125 1.00335
13.875 1.00336

13.875 1.00345
13.9375 1.0036

13.9375 1.00369
14 1.00365

14 1.00359
14.0625 1.00328

14.0625 1.00315
14.125 1.00292

14.125 1.00291
14.1875 1.00304

14.1875 1.00319
14.25 1.00338

14.25 1.00344
14.3125 1.00328

14.3125 1.00315
14.375 1.00278

14.375 1.00266
14.4375 1.00256

14.4375 1.00265
14.5 1.00291

14.5 1.00308
14.5625 1.00316

14.5625 1.00312
14.625 1.00278

14.625 1.0026
14.6875 1.00227

14.6875 1.00222
14.75 1.00236

14.75 1.00255
14.8125 1.00286

14.8125 1.00295
14.875 1.00288

14.875 1.00279
14.9375 1.00235

14.9375 1.0022
15 1.0019

15 1.00187
15.0625 1.0021

15.0625 1.00234
15.125 1.00268

15.125 1.00276
15.1875 1.00257

15.1875 1.00237
15.25 1.0019

15.25 1.00173
15.3125 1.00171

15.3125 1.00188
15.375 1.00227

15.375 1.00249
15.4375 1.0025

15.4375 1.00235
15.5 1.00187

15.5 1.00162
15.5625 1.00144

15.5625 1.00155
15.625 1.00194

15.625 1.00224
15.6875 1.0024

15.6875 1.0023
15.75 1.00182

15.75 1.00152
15.8125 1.00121

15.8125 1.00125
15.875 1.00164

15.875 1.00199
15.9375 1.0023

15.9375 1.00229
16 1.00186

16 1.00156
16.0625 1.001

16.0625 1.00084
16.125 1.00106

16.125 1.00141
16.1875 1.00205

16.1875 1.00218
16.25 1.00226

16.25 1.00218
16.3125 1.00162

16.3125 1.00147
16.375 1.00074

16.375 1.00041
16.4375 1.00047

16.4375 1.00083
16.5 1.00164

16.5 1.0019
16.5625 1.00223

16.5625 1.00205
16.625 1.00171

16.625 1.0017
16.6875 1.00108

16.6875 1.00086
16.75 1.00045

16.75 1.00034
16.8125 1.0008

16.8125 1.00125
16.875 1.00189

16.875 1.00193
16.9375 1.00175

16.9375 1.00155
17 1.00087

17.9375 0.999866
17.8909 1

17.9375 0.99997
17.9411 1

17 1.00059
17.0625 1.00039

17.0625 1.00054
17.125 1.00109

17.125 1.00142
17.1875 1.00176

17.1875 1.00169
17.25 1.00131

17.25 1.00113
17.3125 1.00055

17.3125 1.00032
17.375 1.00034

17.375 1.0006
17.4375 1.00117

17.4375 1.00138
17.5 1.00156

17.5 1.00145
17.5625 1.00103

17.5625 1.00085
17.625 1.0004

17.625 1.00024
17.6875 1.00044

17.6875 1.00077
17.75 1.00128

17.75 1.00138
17.8125 1.00133

17.8125 1.0012
17.875 1.00065

17.875 1.00038
17.9375 1.0002

17.9375 1.00031
18 1.00083

18.1875 0.999746
18.1545 1

18.1875 0.999733
18.2338 1

18.4375 0.999773
18.4159 1

18.4375 0.999737
18.5 0.999861

18.6875 0.999857
18.6748 1

18.6875 0.999809
18.75 0.999693

18.75 0.999817
18.767 1

18.9375 0.999953
18.933 1

18.9375 0.999928
19 0.999605

18 1.00113
18.0625 1.00141

18.0625 1.00137
18.125 1.0009

18.125 1.00065
18.1875 1.00017

18.1875 1.00009
18.25 1.00045

18.25 1.00079
18.3125 1.00133

18.3125 1.00137
18.375 1.0011

18.375 1.0009
18.4375 1.00024

18.4375 1.00006
18.5 1.00019

18.5 1.00045
18.5625 1.00111

18.5625 1.00126
18.625 1.00123

18.625 1.00108
18.6875 1.00037

18.6875 1.00014
18.75 1.00003

18.75 1.00017
18.8125 1.00084

18.8125 1.0011
18.875 1.00128

18.875 1.00117
18.9375 1.00052

18.9375 1.00028
18.9909 1

19 0.999646
19.0368 1

19.25 0.999575
19.1927 1

19.25 0.999573
19.304 1

19.5 0.999579
19.4517 1

19.5 0.999561
19.5625 0.999956

19.75 0.999614
19.7092 1

19.75 0.999574
19.8125 0.999852

20 0.999744
19.9737 1

19.0001 1
19.0625 1.0006

19.0625 1.00091
19.125 1.00126

19.125 1.00119
19.1875 1.00063

19.1875 1.0004
19.2411 1

19.2611 1
19.3125 1.00041

19.3125 1.00073
19.375 1.0012

19.375 1.00117
19.4375 1.00071

19.4375 1.00048
19.4929 1

19.5199 1
19.5625 1.00027

19.5625 1.00057
19.625 1.00111

19.625 1.00111
19.6875 1.00076

19.6875 1.00055
19.7455 1

19.7787 1
19.8125 1.00015

19.8125 1.00039
19.875 1.00097

19.875 1.00101
19.9375 1.00082

19.9375 1.00066
20 1.00005

20 0.999674
20.0625 0.999721

20.0625 0.999892
20.0744 1

20.3125 0.99971
20.2527 1

20.3125 0.99971
20.3691 1

20.5625 0.999949
20.5546 1

20.5625 0.999922
20.625 0.999751

20.625 0.999773
20.6664 1

20.9375 0.999988
20.9334 1

20.9375 0.99998
21 0.999951

20.0411 1
20.0625 1.00002

20.0625 1.00013
20.125 1.00069

20.125 1.00079
20.1875 1.00087

20.1875 1.00078
20.25 1.00033

20.25 1.00021
20.2934 1

20.3315 1
20.375 1.00022

20.375 1.0004
20.4375 1.00075

20.4375 1.00071
20.5 1.00062

20.5 1.00059
20.5625 1.00019

20.5625 1.0001
20.5972 1

20.6348 1
20.6875 1.00029

20.6875 1.00043
20.75 1.00067

20.75 1.00058
20.8125 1.00048

20.8125 1.00044
20.875 1.00025

20.875 1.00023
20.9375 1.00004

21 0.999994
21.0021 1

21.3125 0.999901
21.2939 1

21.3125 0.999855
21.375 0.999829

21.375 0.999905
21.3932 1

21.625 0.999906
21.6061 1

21.625 0.999848
21.6875 0.9998

21.6875 0.999852
21.714 1

22 0.999994
21.9867 1

21.004 1
21.0625 1.00017

21.0625 1.00022
21.125 1.00042

21.125 1.00044
21.1875 1.00053

21.1875 1.00057
21.25 1.00044

21.25 1.0004
21.3125 1.00006

21.3125 1
21.3191 1

21.375 1.00001
21.4375 1.00034

21.4375 1.00042
21.5 1.00056

21.5 1.00052
21.5625 1.00037

21.5625 1.00035
21.625 1.00004

21.6984 1
21.75 1.00029

21.75 1.00042
21.8125 1.00062

21.8125 1.00058
21.875 1.00042

21.875 1.0003
21.9375 1.00006

21.9375 1.00004
22 1.00001

22.375 0.999831
22.3359 1

22.375 0.999784
22.4375 0.999887

22.625 0.9999
22.6058 1

22.625 0.999835
22.6875 0.999784

22.6875 0.999859
22.7146 1

22.9375 0.999834
22.8874 1

22.9375 0.999831
22.9952 1

22 1.00012
22.0625 1.00012

22.0625 1.00003
22.125 1.00003

22.125 1.00004
22.1875 1.00022

22.1875 1.00032
22.25 1.00045

22.25 1.00046
22.3125 1.00029

22.3125 1.00023
22.3652 1

22.4212 1
22.4375 1.00003

22.4375 1.00009
22.5 1.00041

22.5 1.00048
22.5625 1.00045

22.5625 1.00037
22.625 1.00004

22.6974 1
22.75 1.00027

22.75 1.00039
22.8125 1.00053

22.8125 1.00049
22.875 1.00024

22.875 1.00013
22.9133 1

22.9652 1
23 1.0001

23.125 0.999977
23.1186 1

23.125 0.999947
23.1875 0.999832

23.1875 0.999875
23.2178 1

23.4375 0.99988
23.4016 1

23.4375 0.999868
23.5 0.999976

23.6875 0.999908
23.6408 1

23.6875 0.999929
23.7113 1

23.9375 0.999849
23.8948 1

23.9375 0.999811
24 0.999907

23 1.00026
23.0625 1.00042

23.0625 1.00039
23.125 1.00016

23.2022 1
23.25 1.0002

23.25 1.00033
23.3125 1.00048

23.3125 1.00044
23.375 1.00026

23.375 1.00017
23.4266 1

23.4724 1
23.5 1.00005

23.5 1.00017
23.5625 1.00034

23.5625 1.00035
23.625 1.00022

23.625 1.00006
23.6543 1

23.7035 1
23.75 1.00014

23.75 1.00028
23.8125 1.00042

23.8125 1.00039
23.875 1.00021

23.875 1.00013
23.911 1

23.9929 1
24 1.00001

24.3125 0.99993
24.286 1

24.3125 0.999905
24.375 0.999939

24.5625 0.999996
24.625 0.999855

24.625 0.999859
24.6667 1

24.875 0.99991
24.8541 1

24.875 0.999866
24.9375 0.999874

24.9375 0.999981
24.9416 1

24 1.00004
24.0625 1.00031

24.0625 1.00036
24.125 1.00045

24.125 1.0004
24.1875 1.00032

24.1875 1.00032
24.25 1.00018

24.25 1.00018
24.3125 1.00001

24.3641 1
24.375 1.00001

24.375 1.00003
24.4375 1.00026

24.4375 1.00035
24.5 1.00041

24.5 1.00039
24.5625 1.00017

24.5625 1.00006
24.5881 1

24.6478 1
24.6875 1.00013

24.6875 1.00026
24.75 1.00046

24.75 1.00046
24.8125 1.00036

24.8125 1.0003
24.875 1.00003

24.9216 1
24.9375 1

24.9375 1.00002
25 1.0003

25.125 0.999993
25.1875 0.999788

25.1875 0.999763
25.25 0.999957

25.5625 0.999983
25.5574 1

25.5625 0.999974
25.625 0.999909

25.625 0.999921
25.6463 1

25.875 0.999848
25.8487 1

25.875 0.999743
25.9375 0.999734

25.9375 0.999789
25.9653 1

25 1.00041
25.0625 1.00046

25.0625 1.00041
25.125 1.00014

25.125 1.00003
25.1356 1

25.234 1
25.25 1.00005

25.25 1.00012
25.3125 1.00044

25.3125 1.00047
25.375 1.00056

25.375 1.00051
25.4375 1.00043

25.4375 1.00043
25.5 1.0003

25.5 1.00031
25.5625 1.00011

25.5625 1.00004
25.598 1

25.6319 1
25.6875 1.00021

25.6875 1.00032
25.75 1.00051

25.75 1.00053
25.8125 1.00039

25.8125 1.00035
25.8727 1

25.9482 1
26 1.00039

26.3125 0.999996
26.2911 1

26.625 0.999982
26.6213 1

26.625 0.999967
26.6875 0.999814

26.6875 0.999804
26.7213 1

26 1.00053
26.0625 1.00085

26.0625 1.00083
26.125 1.00069

26.125 1.00058
26.1875 1.00024

26.1875 1.00018
26.2431 1

26.25 1.00001
26.3125 1

26.3176 1
26.375 1.00012

26.375 1.00016
26.4375 1.00039

26.4375 1.00046
26.5 1.00058

26.5 1.00057
26.5625 1.00048

26.5625 1.0005
26.625 1.0002

26.625 1.00008
26.6582 1

26.705 1
26.75 1.00026

26.75 1.00045
26.8125 1.00082

26.8125 1.00084
26.875 1.00071

26.875 1.00056
26.9375 1.00021

26.9375 1.00008
27 1.00008

27.1875 0.999901
27.1713 1

27.1875 0.999823
27.25 0.999794

27.25 0.999956
27.2559 1

27.625 0.999899
27.6022 1

27.625 0.999918
27.6433 1

27.875 0.999821
27.8441 1

27.875 0.999829
27.9101 1

27 1.00025
27.0625 1.0005

27.0625 1.0006
27.125 1.00054

27.125 1.00047
27.1875 1.00008

27.2536 1
27.3125 1.00044

27.3125 1.0006
27.375 1.00088

27.375 1.00075
27.4375 1.00077

27.4375 1.0008
27.5 1.00076

27.5 1.00082
27.5625 1.00053

27.5625 1.00037
27.625 1.00009

27.6264 1
27.6875 1.00028

27.6875 1.0006
27.75 1.00095

27.75 1.00096
27.8125 1.00065

27.8125 1.00038
27.875 1.00002

27.8792 1
27.9375 1.00028

27.9375 1.00055
28 1.00098

28.3125 0.999977
28.3028 1

28.75 0.999924
28.7379 1

28.75 0.999901
28.7815 1

28 1.00093
28.0625 1.00095

28.0625 1.00088
28.125 1.00073

28.125 1.00072
28.1875 1.00057

28.1875 1.00062
28.25 1.00039

28.25 1.00026
28.3125 1.00011

28.3125 1.00006
28.375 1.00035

28.375 1.00059
28.4375 1.00094

28.4375 1.00089
28.5 1.00092

28.5 1.00083
28.5625 1.00082

28.5625 1.00089
28.625 1.00088

28.625 1.00096
28.6875 1.00068

28.6875 1.00054
28.75 1.00014

28.7632 1
28.8125 1.00016

28.8125 1.00048
28.875 1.00098

28.875 1.001
28.9375 1.00107

28.9375 1.00091
29 1.0008

29.375 0.999986
29.3699 1

29 1.00078
29.0625 1.00085

29.0625 1.00092
29.125 1.00107

29.125 1.00109
29.1875 1.00114

29.1875 1.00119
29.25 1.001

29.25 1.00098
29.3125 1.0005

29.3125 1.00022
29.375 1.00005

29.375 1.00015
29.4375 1.00066

29.4375 1.00098
29.5 1.00134

29.5 1.00117
29.5625 1.0011

29.5625 1.00101
29.625 1.00101

29.625 1.00107
29.6875 1.00122

29.6875 1.00125
29.75 1.00135

29.75 1.00138
29.8125 1.00132

29.8125 1.00138
29.875 1.00099

29.875 1.00083
29.9375 1.00033

29.9375 1.00009
30 1.00027

30 1.00062
30.0625 1.00126

30.0625 1.00138
30.125 1.00156

30.125 1.00137
30.1875 1.00123

30.1875 1.00119
30.25 1.00118

30.25 1.00121
30.3125 1.00133

30.3125 1.00138
30.375 1.00149

30.375 1.00155
30.4375 1.0014

30.4375 1.00136
30.5 1.00092

30.5 1.00068
30.5625 1.0005

30.5625 1.00055
30.625 1.00102

30.625 1.00129
30.6875 1.00177

30.6875 1.00172
30.75 1.00177

30.75 1.00169
30.8125 1.00156

30.8125 1.00156
30.875 1.00143

30.875 1.00142
30.9375 1.00128

30.9375 1.00126
31 1.00121

31 1.00122
31.0625 1.00128

31.0625 1.00131
31.125 1.00142

31.125 1.00142
31.1875 1.00153

31.1875 1.00152
31.25 1.00163

31.25 1.00163
31.3125 1.00175

31.3125 1.00179
31.375 1.00182

31.375 1.00188
31.4375 1.00162

31.4375 1.0015
31.5 1.00105

31.5 1.00082
31.5625 1.00085

31.5625 1.00105
31.625 1.00159

31.625 1.00179
31.6875 1.00206

31.6875 1.00189
31.75 1.00183

31.75 1.00175
31.8125 1.00185

31.8125 1.00192
31.875 1.00221

31.875 1.00224
31.9375 1.00251

31.9375 1.00255
32 1.00267

