0 1.16101
0.0625 1.16089

0.0625 1.16089
0.125 1.16054

0.125 1.16054
0.1875 1.15996

0.1875 1.15996
0.25 1.15918

0.25 1.15917
0.3125 1.15821

0.3125 1.1582
0.375 1.15709

0.375 1.15709
0.4375 1.15586

0.4375 1.15585
0.5 1.15451

0.5 1.15451
0.5625 1.15307

0.5625 1.15307
0.625 1.15157

0.625 1.15157
0.6875 1.15004

0.6875 1.15003
0.75 1.14849

0.75 1.14849
0.8125 1.14694

0.8125 1.14694
0.875 1.14541

0.875 1.14541
0.9375 1.14391

0.9375 1.1439
1 1.14243

1 1.14243
1.0625 1.141

1.0625 1.141
1.125 1.13961

1.125 1.13961
1.1875 1.13826

1.1875 1.13826
1.25 1.13695

1.25 1.13695
1.3125 1.13568

1.3125 1.13568
1.375 1.13446

1.375 1.13446
1.4375 1.13327

1.4375 1.13327
1.5 1.13211

1.5 1.13211
1.5625 1.13098

1.5625 1.13098
1.625 1.12988

1.625 1.12988
1.6875 1.1288

1.6875 1.12881
1.75 1.12774

1.75 1.12774
1.8125 1.12666

1.8125 1.12665
1.875 1.12557

1.9375 1.12455
1.9097 1.125

1.9375 1.12458
2 1.12363

1.875 1.12555
1.90948 1.125

2 1.12364
2.0625 1.12268

2.0625 1.12267
2.125 1.12169

2.125 1.12169
2.1875 1.12073

2.1875 1.12073
2.25 1.11977

2.25 1.11977
2.3125 1.11881

2.3125 1.11881
2.375 1.11785

2.375 1.11785
2.4375 1.11689

2.4375 1.11689
2.5 1.11593

2.5 1.11593
2.5625 1.11497

2.5625 1.11497
2.625 1.114

2.625 1.114
2.6875 1.11304

2.6875 1.11304
2.75 1.11208

2.75 1.11208
2.8125 1.11111

2.8125 1.11111
2.875 1.11016

2.875 1.11016
2.9375 1.1092

2.9375 1.1092
3 1.10825

3 1.10825
3.0625 1.1073

3.0625 1.1073
3.125 1.10635

3.125 1.10635
3.1875 1.10541

3.1875 1.10541
3.25 1.10447

3.25 1.10447
3.3125 1.10354

3.3125 1.10354
3.375 1.10262

3.375 1.10262
3.4375 1.10169

3.4375 1.10169
3.5 1.10078

3.5 1.10078
3.5625 1.09986

3.5625 1.09986
3.625 1.09896

3.625 1.09896
3.6875 1.09805

3.6875 1.09805
3.75 1.09716

3.75 1.09716
3.8125 1.09627

3.8125 1.09627
3.875 1.09538

3.875 1.09538
3.9375 1.0945

3.9375 1.0945
4 1.09362

4 1.09362
4.0625 1.09275

4.0625 1.09275
4.125 1.09189

4.125 1.09189
4.1875 1.09103

4.1875 1.09103
4.25 1.09018

4.25 1.09018
4.3125 1.08933

4.3125 1.08933
4.375 1.08848

4.375 1.08848
4.4375 1.08765

4.4375 1.08765
4.5 1.08681

4.5 1.08681
4.5625 1.08599

4.5625 1.08599
4.625 1.08516

4.625 1.08516
4.6875 1.08435

4.6875 1.08435
4.75 1.08353

4.75 1.08354
4.8125 1.08273

4.8125 1.08273
4.875 1.08193

4.875 1.08193
4.9375 1.08113

4.9375 1.08113
5 1.08034

5 1.08034
5.0625 1.07955

5.0625 1.07955
5.125 1.07877

5.125 1.07877
5.1875 1.07799

5.1875 1.07798
5.25 1.0772

5.25 1.07721
5.3125 1.07644

5.3125 1.07644
5.375 1.07567

5.375 1.07567
5.4375 1.0749

5.4375 1.0749
5.5 1.07413

5.5 1.07414
5.5625 1.07339

5.5625 1.07339
5.625 1.07263

5.625 1.07263
5.6875 1.07186

5.6875 1.07186
5.75 1.07111

5.75 1.07112
5.8125 1.07038

5.8125 1.07038
5.875 1.06963

5.875 1.06962
5.9375 1.06886

5.9375 1.06886
6 1.06813

6 1.06814
6.0625 1.06741

6.0625 1.06741
6.125 1.06667

6.125 1.06666
6.1875 1.06593

6.1875 1.06592
6.25 1.06521

6.25 1.06522
6.3125 1.06451

6.3125 1.06451
6.375 1.06377

6.375 1.06376
6.4375 1.06301

6.5 1.06231
6.48304 1.0625

6.4375 1.063
6.48251 1.0625

6.5 1.06233
6.5625 1.06168

6.5625 1.06168
6.625 1.06101

6.625 1.061
6.6875 1.06032

6.6875 1.06032
6.75 1.05967

6.75 1.05968
6.8125 1.05904

6.8125 1.05904
6.875 1.05839

6.875 1.05838
6.9375 1.05773

6.9375 1.05773
7 1.05709

7 1.05709
7.0625 1.05644

7.0625 1.05644
7.125 1.0558

7.125 1.0558
7.1875 1.05515

7.1875 1.05515
7.25 1.05452

7.25 1.05452
7.3125 1.05388

7.3125 1.05388
7.375 1.05325

7.375 1.05325
7.4375 1.05262

7.4375 1.05262
7.5 1.052

7.5 1.052
7.5625 1.05138

7.5625 1.05139
7.625 1.05077

7.625 1.05077
7.6875 1.05016

7.6875 1.05017
7.75 1.04956

7.75 1.04956
7.8125 1.04897

7.8125 1.04897
7.875 1.04837

7.875 1.04837
7.9375 1.04779

7.9375 1.04779
8 1.04721

8 1.04721
8.0625 1.04663

8.0625 1.04663
8.125 1.04606

8.125 1.04606
8.1875 1.0455

8.1875 1.0455
8.25 1.04494

8.25 1.04494
8.3125 1.04438

8.3125 1.04438
8.375 1.04383

8.375 1.04383
8.4375 1.04329

8.4375 1.04329
8.5 1.04275

8.5 1.04275
8.5625 1.04222

8.5625 1.04222
8.625 1.04169

8.625 1.04169
8.6875 1.04117

8.6875 1.04117
8.75 1.04065

8.75 1.04065
8.8125 1.04014

8.8125 1.04014
8.875 1.03963

8.875 1.03963
8.9375 1.03913

8.9375 1.03913
9 1.03863

9 1.03863
9.0625 1.03814

9.0625 1.03814
9.125 1.03765

9.125 1.03765
9.1875 1.03717

9.1875 1.03717
9.25 1.03669

9.25 1.03669
9.3125 1.03622

9.3125 1.03622
9.375 1.03575

9.375 1.03575
9.4375 1.03529

9.4375 1.03529
9.5 1.03483

9.5 1.03483
9.5625 1.03438

9.5625 1.03438
9.625 1.03393

9.625 1.03393
9.6875 1.03349

9.6875 1.03349
9.75 1.03305

9.75 1.03305
9.8125 1.03262

9.8125 1.03262
9.875 1.03219

9.875 1.03219
9.9375 1.03176

9.9375 1.03176
10 1.03134

10 1.03134
10.0625 1.03093

10.0625 1.03093
10.125 1.03052

10.125 1.03052
10.1875 1.03011

10.1875 1.03011
10.25 1.02971

10.25 1.02971
10.3125 1.02931

10.3125 1.02931
10.375 1.02892

10.375 1.02892
10.4375 1.02853

10.4375 1.02853
10.5 1.02814

10.5 1.02814
10.5625 1.02776

10.5625 1.02776
10.625 1.02739

10.625 1.02739
10.6875 1.02701

10.6875 1.02701
10.75 1.02665

10.75 1.02665
10.8125 1.02628

10.8125 1.02628
10.875 1.02592

10.875 1.02592
10.9375 1.02557

10.9375 1.02557
11 1.02522

11 1.02522
11.0625 1.02487

11.0625 1.02487
11.125 1.02453

11.125 1.02453
11.1875 1.02419

11.1875 1.02419
11.25 1.02385

11.25 1.02385
11.3125 1.02352

11.3125 1.02352
11.375 1.0232

11.375 1.0232
11.4375 1.02287

11.4375 1.02287
11.5 1.02255

11.5 1.02255
11.5625 1.02224

11.5625 1.02224
11.625 1.02192

11.625 1.02192
11.6875 1.02162

11.6875 1.02162
11.75 1.02131

11.75 1.02131
11.8125 1.02101

11.8125 1.02101
11.875 1.02071

11.875 1.02071
11.9375 1.02042

11.9375 1.02042
12 1.02013

12 1.02013
12.0625 1.01984

12.0625 1.01984
12.125 1.01956

12.125 1.01956
12.1875 1.01928

12.1875 1.01928
12.25 1.019

12.25 1.019
12.3125 1.01873

12.3125 1.01873
12.375 1.01846

12.375 1.01846
12.4375 1.01819

12.4375 1.01819
12.5 1.01793

12.5 1.01793
12.5625 1.01767

12.5625 1.01767
12.625 1.01741

12.625 1.01741
12.6875 1.01716

12.6875 1.01716
12.75 1.01691

12.75 1.01691
12.8125 1.01666

12.8125 1.01666
12.875 1.01642

12.875 1.01642
12.9375 1.01618

12.9375 1.01618
13 1.01594

13 1.01594
13.0625 1.01571

13.0625 1.01571
13.125 1.01548

13.125 1.01548
13.1875 1.01525

13.1875 1.01525
13.25 1.01502

13.25 1.01502
13.3125 1.0148

13.3125 1.0148
13.375 1.01458

13.375 1.01458
13.4375 1.01436

13.4375 1.01436
13.5 1.01415

13.5 1.01415
13.5625 1.01394

13.5625 1.01394
13.625 1.01373

13.625 1.01373
13.6875 1.01352

13.6875 1.01352
13.75 1.01332

13.75 1.01332
13.8125 1.01312

13.8125 1.01312
13.875 1.01292

13.875 1.01292
13.9375 1.01273

13.9375 1.01273
14 1.01254

14 1.01254
14.0625 1.01234

14.0625 1.01234
14.125 1.01216

14.125 1.01216
14.1875 1.01197

14.1875 1.01197
14.25 1.01179

14.25 1.01179
14.3125 1.01161

14.3125 1.01161
14.375 1.01143

14.375 1.01143
14.4375 1.01126

14.4375 1.01126
14.5 1.01109

14.5 1.01109
14.5625 1.01092

14.5625 1.01092
14.625 1.01075

14.625 1.01075
14.6875 1.01058

14.6875 1.01058
14.75 1.01042

14.75 1.01042
14.8125 1.01026

14.8125 1.01026
14.875 1.0101

14.875 1.0101
14.9375 1.00994

14.9375 1.00994
15 1.00979

15 1.00979
15.0625 1.00964

15.0625 1.00964
15.125 1.00949

15.125 1.00949
15.1875 1.00934

15.1875 1.00934
15.25 1.00919

15.25 1.00919
15.3125 1.00905

15.3125 1.00905
15.375 1.00891

15.375 1.00891
15.4375 1.00877

15.4375 1.00877
15.5 1.00863

15.5 1.00863
15.5625 1.0085

15.5625 1.0085
15.625 1.00837

15.625 1.00837
15.6875 1.00823

15.6875 1.00823
15.75 1.0081

15.75 1.0081
15.8125 1.00797

15.8125 1.00798
15.875 1.00785

15.875 1.00785
15.9375 1.00773

15.9375 1.00773
16 1.0076

16 1.0076
16.0625 1.00748

16.0625 1.00748
16.125 1.00736

16.125 1.00736
16.1875 1.00725

16.1875 1.00725
16.25 1.00714

16.25 1.00713
16.3125 1.00702

16.3125 1.00702
16.375 1.0069

16.375 1.0069
16.4375 1.00679

16.4375 1.00679
16.5 1.00669

16.5 1.00669
16.5625 1.00659

16.5625 1.00659
16.625 1.00648

16.625 1.00647
16.6875 1.00636

16.6875 1.00636
16.75 1.00627

16.75 1.00627
16.8125 1.00618

16.8125 1.00618
16.875 1.00608

16.875 1.00608
16.9375 1.00597

16.9375 1.00597
17 1.00586

17 1.00587
17.0625 1.00578

17.0625 1.00579
17.125 1.00571

17.125 1.00571
17.1875 1.00561

17.1875 1.0056
17.25 1.0055

17.25 1.00549
17.3125 1.0054

17.3125 1.00541
17.375 1.00534

17.375 1.00535
17.4375 1.00527

17.4375 1.00527
17.5 1.00517

17.5 1.00516
17.5625 1.00506

17.5625 1.00506
17.625 1.00499

17.625 1.005
17.6875 1.00494

17.6875 1.00495
17.75 1.00486

17.75 1.00485
17.8125 1.00474

17.8125 1.00473
17.875 1.00466

17.875 1.00467
17.9375 1.00463

17.9375 1.00464
18 1.00457

18 1.00456
18.0625 1.00445

18.0625 1.00443
18.125 1.00435

18.125 1.00436
18.1875 1.00433

18.1875 1.00435
18.25 1.00429

18.25 1.00429
18.3125 1.00419

18.3125 1.00416
18.375 1.00407

18.375 1.00407
18.4375 1.00404

18.4375 1.00407
18.5 1.00404

18.5 1.00404
18.5625 1.00394

18.5625 1.00391
18.625 1.00381

18.625 1.0038
18.6875 1.00377

18.6875 1.00381
18.75 1.00379

18.75 1.0038
18.8125 1.00371

18.8125 1.00368
18.875 1.00356

18.875 1.00355
18.9375 1.00352

18.9375 1.00356
19 1.00357

19 1.00359
19.0625 1.00351

19.0625 1.00346
19.125 1.00333

19.125 1.00331
19.1875 1.00328

19.1875 1.00332
19.25 1.00335

19.25 1.00339
19.3125 1.00332

19.3125 1.00327
19.375 1.00312

19.375 1.00308
19.4375 1.00304

19.4375 1.00309
19.5 1.00315

19.5 1.00321
19.5625 1.00316

19.5625 1.00312
19.625 1.00295

19.625 1.00288
19.6875 1.0028

19.6875 1.00284
19.75 1.00293

19.75 1.00301
19.8125 1.00304

19.8125 1.00302
19.875 1.00284

19.875 1.00275
19.9375 1.00258

19.9375 1.00257
20 1.00263

20 1.00273
20.0625 1.00286

20.0625 1.00291
20.125 1.00283

20.125 1.00276
20.1875 1.0025

20.1875 1.00242
20.25 1.00231

20.25 1.00235
20.3125 1.00249

20.3125 1.00258
20.375 1.00272

20.375 1.0027
20.4375 1.00266

20.4375 1.00264
20.5 1.0025

20.5 1.00253
20.5625 1.00229

20.5625 1.00219
20.625 1.00198

20.625 1.00191
20.6875 1.00207

20.6875 1.00224
20.75 1.00257

20.75 1.00265
20.8125 1.00265

20.8125 1.00256
20.875 1.00226

20.875 1.00218
20.9375 1.0019

20.9375 1.00185
21 1.00187

21 1.00196
21.0625 1.00224

21.0625 1.00237
21.125 1.00249

21.125 1.00248
21.1875 1.0022

21.1875 1.00207
21.25 1.0017

21.25 1.00159
21.3125 1.00161

21.3125 1.00175
21.375 1.0021

21.375 1.00222
21.4375 1.00238

21.4375 1.00228
21.5 1.00219

21.5 1.00221
21.5625 1.00205

21.5625 1.00211
21.625 1.00172

21.625 1.0015
21.6875 1.0012

21.6875 1.00113
21.75 1.0015

21.75 1.00184
21.8125 1.00237

21.8125 1.00242
21.875 1.00233

21.875 1.00217
21.9375 1.00169

21.9375 1.00155
22 1.00129

22 1.00129
22.0625 1.00155

22.0625 1.00177
22.125 1.00212

22.125 1.00219
22.1875 1.00204

22.1875 1.00186
22.25 1.00142

22.25 1.00124
22.3125 1.00122

22.3125 1.00139
22.375 1.00181

22.375 1.00203
22.4375 1.0021

22.4375 1.00196
22.5 1.00154

22.5 1.0013
22.5625 1.00113

22.5625 1.00123
22.625 1.00159

22.625 1.00185
22.6875 1.00204

22.6875 1.00195
22.75 1.00159

22.75 1.00133
22.8125 1.00109

22.8125 1.00113
22.875 1.00145

22.875 1.00173
22.9375 1.00197

22.9375 1.00194
23 1.0016

23 1.00133
23.0625 1.00104

23.0625 1.00104
23.125 1.00133

23.125 1.00163
23.1875 1.00192

23.1875 1.00192
23.25 1.00163

23.25 1.00136
23.3125 1.00101

23.3125 1.00096
23.375 1.0012

23.375 1.00149
23.4375 1.00185

23.4375 1.0019
23.5 1.00168

23.5 1.00145
23.5625 1.00103

23.5625 1.0009
23.625 1.00099

23.625 1.0012
23.6875 1.00165

23.6875 1.00175
23.75 1.00195

23.75 1.00191
23.8125 1.00172

23.8125 1.00176
23.875 1.00119

23.875 1.00093
23.9375 1.00042

23.9375 1.00022
24 1.0007

24 1.00122
24.0625 1.00204

24.0625 1.00213
24.125 1.00207

24.125 1.00182
24.1875 1.00119

24.1875 1.00096
24.25 1.00074

24.25 1.00084
24.3125 1.00129

24.3125 1.0016
24.375 1.00192

24.375 1.00188
24.4375 1.00152

24.4375 1.00128
24.5 1.00083

24.5 1.0007
24.5625 1.00089

24.5625 1.00118
24.625 1.00169

24.625 1.00183
24.6875 1.0018

24.6875 1.00164
24.75 1.00111

24.75 1.00087
24.8125 1.00065

24.8125 1.00073
24.875 1.00115

24.875 1.00142
24.9375 1.00179

24.9375 1.00169
25 1.00168

25 1.00161
25.0625 1.00155

25.0625 1.00171
25.125 1.00142

25.125 1.00134
25.1875 1.0007

25.1875 1.00029
25.25 1.00031

25.25 1.00062
25.3125 1.00151

25.3125 1.00189
25.375 1.00226

25.375 1.00209
25.4375 1.0015

25.4375 1.00121
25.5 1.00059

25.5 1.00043
25.5625 1.00067

25.5625 1.00105
25.625 1.0017

25.625 1.00176
25.6875 1.00192

25.6875 1.00176
25.75 1.00164

25.75 1.00174
25.8125 1.00148

25.8125 1.00148
25.875 1.00088

25.875 1.00051
25.9375 1.0003

25.9375 1.00038
26 1.00113

26 1.00157
26.0625 1.00223

26.0625 1.00213
26.125 1.00202

26.125 1.00199
26.1875 1.0014

26.1875 1.00125
26.25 1.00052

26.25 1.00015
26.3125 1.00033

26.3125 1.00077
26.375 1.00173

26.375 1.00202
26.4375 1.00232

26.4375 1.00214
26.5 1.00157

26.5 1.00132
26.5625 1.00073

26.5625 1.00055
26.625 1.00076

26.625 1.00113
26.6875 1.00175

26.6875 1.00191
26.75 1.00191

26.75 1.00167
26.8125 1.00118

26.8125 1.00099
26.875 1.00088

26.875 1.001
26.9375 1.00139

26.9375 1.00158
27 1.00189

27 1.00186
27.0625 1.00177

27.0625 1.00174
27.125 1.00137

27.125 1.00125
27.1875 1.00088

27.1875 1.00074
27.25 1.00092

27.25 1.00115
27.3125 1.0017

27.3125 1.00186
27.375 1.00198

27.375 1.00185
27.4375 1.00145

27.4375 1.00126
27.5 1.00098

27.5 1.00098
27.5625 1.00122

27.5625 1.00143
27.625 1.0018

27.625 1.00179
27.6875 1.00189

27.6875 1.00183
27.75 1.00179

27.75 1.0019
27.8125 1.00162

27.8125 1.00155
27.875 1.00098

27.875 1.00064
27.9375 1.0006

27.9375 1.00082
28 1.00154

28 1.00187
28.0625 1.00223

28.0625 1.00201
28.125 1.00177

28.125 1.00162
28.1875 1.00155

28.1875 1.0017
28.25 1.00181

28.25 1.00194
28.3125 1.00168

28.3125 1.00147
28.375 1.001

28.375 1.00078
28.4375 1.00095

28.4375 1.00127
28.5 1.0019

28.5 1.00207
28.5625 1.00216

28.5625 1.00194
28.625 1.00162

28.625 1.00151
28.6875 1.00145

28.6875 1.00154
28.75 1.0018

28.75 1.00192
28.8125 1.00205

28.8125 1.00208
28.875 1.0018

28.875 1.00166
28.9375 1.0012

28.9375 1.001
29 1.00104

29 1.00124
29.0625 1.00179

29.0625 1.00201
29.125 1.00223

29.125 1.00208
29.1875 1.00184

29.1875 1.00171
29.25 1.00159

29.25 1.00164
29.3125 1.00177

29.3125 1.00186
29.375 1.00199

29.375 1.00201
29.4375 1.00194

29.4375 1.0019
29.5 1.00167

29.5 1.00157
29.5625 1.00145

29.5625 1.00144
29.625 1.00165

29.625 1.00179
29.6875 1.00205

29.6875 1.00207
29.75 1.00206

29.75 1.00196
29.8125 1.00183

29.8125 1.0018
29.875 1.0018

29.875 1.00185
29.9375 1.00194

29.9375 1.00197
30 1.00198

30 1.00196
30.0625 1.0019

30.0625 1.00188
30.125 1.00184

30.125 1.00183
30.1875 1.00187

30.1875 1.00189
30.25 1.00198

30.25 1.002
30.3125 1.00204

30.3125 1.00203
30.375 1.00202

30.375 1.002
30.4375 1.00198

30.4375 1.00199
30.5 1.002

30.5 1.00201
30.5625 1.00202

30.5625 1.00202
30.625 1.00203

30.625 1.00203
30.6875 1.00204

30.6875 1.00204
30.75 1.00206

30.75 1.00207
30.8125 1.00208

30.8125 1.00208
30.875 1.0021

30.875 1.0021
30.9375 1.00211

30.9375 1.00212
31 1.00212

31 1.00212
31.0625 1.00211

31.0625 1.00211
31.125 1.0021

31.125 1.0021
31.1875 1.00212

31.1875 1.00213
31.25 1.00216

31.25 1.00216
31.3125 1.00218

31.3125 1.00217
31.375 1.00217

31.375 1.00217
31.4375 1.00218

31.4375 1.00218
31.5 1.0022

31.5 1.00221
31.5625 1.00223

31.5625 1.00223
31.625 1.00225

31.625 1.00225
31.6875 1.00228

31.6875 1.00228
31.75 1.00232

31.75 1.00232
31.8125 1.00236

31.8125 1.00236
31.875 1.0024

31.875 1.0024
31.9375 1.00244

31.9375 1.00244
32 1.00246

